Leitura contínua de valores OPC UA
Data de início: 2025-01-23 16:47:05.740105

2025-01-23 16:47:05.740105: 0.0, 0.0, 0.0, 0.0, 0.0, 0.0, 0.0, 0.0, 0.0, 0.0
2025-01-23 16:47:15.753217: 0.0, 0.0, 0.0, 0.0, 0.0, 0.0, 0.0, 0.0, 0.0, 0.0
2025-01-23 16:47:25.763091: 3, 3, 1.123669761692884, 0.0, 2.1480537140165054e-05, 0.14788988703021363, 1.3539756363027629, 1.0, 1.0, 1.0
2025-01-23 16:47:35.775157: 3, 3, 0.3515645640563813, 0.0, 5.556179642162825e-06, 1.5232825048697078, 0.8717191552423301, 1.0, 1.0, 1.0
2025-01-23 16:47:45.786539: 3, 1.294227597636402, 1.3561576671857323, 0.0, 0.06991105328950913, 1.7470210769993388, 1.051915052182268, 1.0, 1.0, 1.0
2025-01-23 16:47:55.797621: 3, 1.4804665408530013, 0.7660712806810673, 0.0, 1.541652603326186, 0.618426760415396, 0.9865946891306898, 1.0, 1.0, 1.0
2025-01-23 16:48:05.813075: 3, 2.660055851315048, 1.1894752146352543, 0.0, 1.229863836576079, 1.030858258607431, 0.9829872474482289, 1.0, 1.0, 1.0
2025-01-23 16:48:15.822681: 3, 2.3514732652407395, 1.359602740152968, 0.0, 1.229863836576079, 1.030858258607431, 0.9829872474482289, 1.0, 1.0, 1.0
2025-01-23 16:48:25.832586: 3, 2.042890679166431, 1.5297302656706817, 0.0, 1.229863836576079, 1.030858258607431, 0.9829872474482289, 1.0, 1.0, 1.0
2025-01-23 16:48:35.843575: 3, 1.7497372223958378, 1.6913514149125097, 0.0, 1.229863836576079, 1.030858258607431, 0.9829872474482289, 1.0, 1.0, 1.0
2025-01-23 16:48:45.853163: 3, 1.4411546363215293, 1.8614789404302234, 0.0, 1.229863836576079, 1.030858258607431, 0.9829872474482289, 1.0, 1.0, 1.0
2025-01-23 16:48:55.865577: 3, 2.591913382238123, 0.5300887153127517, 0.0, 1.035034146545326, 1.0338456687173305, 1.13557371668878, 1.0, 1.0, 1.0
2025-01-23 16:49:05.878902: 3, 1.2622023227533017, 1.234409355219157, 0.0, 1.2874789638689195, 0.9228794752192464, 0.9141094347616399, 1.0, 1.0, 1.0
2025-01-23 16:49:15.888524: 3, 2.665784159277009, 0.8891262543603917, 0.0, 1.0213694531552626, 1.0592848328783095, 1.0500952905546304, 1.0, 1.0, 1.0
2025-01-23 16:49:25.898483: 3, 1.17943753249408, 1.0339099291472436, 0.0, 1.123178574712804, 0.9990309585946588, 0.9714366362917506, 1.0, 1.0, 1.0
2025-01-23 16:49:35.910657: 3, 2.463983150619048, 0.9899565438756743, 0.0, 1.1124251868083133, 0.9463574593716393, 1.015792934499399, 1.0, 1.0, 1.0
2025-01-23 16:49:45.920861: 3, 1.7049546576048964, 0.9978810184697492, 0.0, 1.014141129586925, 1.0500778780256925, 0.9918586165619492, 1.0, 1.0, 1.0
2025-01-23 16:49:55.931608: 3, 2.206062855972786, 1.009956533099087, 0.0, 1.0905992791843822, 0.9458455132328036, 1.002904380372228, 1.0, 1.0, 1.0
2025-01-23 16:50:05.941500: 3, 1.9026307933215543, 0.9913076872262859, 0.0, 0.9966265712291136, 1.034890417641715, 0.9989598594542408, 1.0, 1.0, 1.0
2025-01-23 16:50:15.951285: 3, 2.022240476843365, 1.0073000545689033, 0.0, 1.0461273942715061, 0.9748617134605772, 1.0001891473365299, 1.0, 1.0, 1.0
2025-01-23 16:50:25.965519: 3, 1.9983038413042564, 0.9956800736533595, 0.0, 0.999915465840423, 1.0155113918065855, 1.0001484670837808, 1.0, 1.0, 1.0
2025-01-23 16:50:35.976321: 3, 1.992669351721178, 1.0024157039889818, 0.0, 1.0196435276123916, 0.9920267239108472, 0.9996012478703913, 1.0, 1.0, 1.0
2025-01-23 16:50:45.988629: 3, 2.0100498980130515, 0.9989400509920769, 0.0, 1.0037886353234784, 1.003978438822715, 1.0002856972744214, 1.0, 1.0, 1.0
2025-01-23 16:50:55.998193: 3, 1.9903932393082964, 1.00049005955551, 0.0, 1.007474886432612, 0.9983964867242473, 0.9998157767516197, 1.0, 1.0, 1.0
2025-01-23 16:51:06.011908: 3, 2.009699336366417, 0.9998476028497447, 0.0, 1.003489979048627, 1.0004350831730293, 1.0001155535515869, 1.0, 1.0, 1.0
2025-01-23 16:51:16.025850: 3, 1.9936274773125824, 1.000007819324333, 0.0, 1.0028305750995543, 1.0000937627404316, 0.9999340850508769, 1.0, 1.0, 1.0
2025-01-23 16:51:26.038686: 3, 2.003921961893492, 1.000030826360205, 0.0, 1.0026109161420254, 0.9994394898068748, 1.0000302279066224, 1.0, 1.0, 1.0
2025-01-23 16:51:36.048745: 3, 2.8792817568684397, 2.135149914328916, 0.0, 0.9876487797257476, 0.7669606942303419, 1.215271936062899, 2.0, 1.0, 1.3
2025-01-23 16:51:46.058764: 3, 3, 0.5875078146882423, 0.0, 0.33275493065957445, 1.0823390645177675, 1.4465252521702243, 2.0, 1.0, 1.3
2025-01-23 16:51:56.072081: 3, 0.2989631376315619, 1.2714894504708059, 0.0, 0.6949122868767376, 1.2716917463527526, 1.174930524716845, 2.0, 1.0, 1.3
2025-01-23 16:52:06.081478: 3, 3, 1.3328509794478478, 0.0, 1.0722255630995905, 0.6793059336833818, 1.3591396019685402, 2.0, 1.0, 1.3
2025-01-23 16:52:16.092124: 3, 2.8902803948081575, 0.9114900248030661, 0.0, 0.3958102107091913, 1.3183243205413644, 1.291252495627512, 2.0, 1.0, 1.3
2025-01-23 16:52:26.102302: 3, 1.3827604911964118, 1.2710274690725853, 0.0, 0.9890366789487184, 0.8983516985813272, 1.2778652775644468, 2.0, 1.0, 1.3
2025-01-23 16:52:36.112490: 3, 2.7619432309513705, 1.084850883762007, 0.0, 0.7564907040129462, 1.0290198889183009, 1.3233300543070754, 2.0, 1.0, 1.3
2025-01-23 16:52:46.122118: 3, 1.6059914661172656, 1.1410476433617196, 0.0, 0.7972419389621994, 1.0319006944276665, 1.2850895894637226, 2.0, 1.0, 1.3
2025-01-23 16:52:56.131862: 3, 2.5727201081776907, 1.1720256544429457, 0.0, 0.8263378044368643, 0.9534248173081696, 1.3061088041480102, 2.0, 1.0, 1.3
2025-01-23 16:53:06.140862: 3, 1.9028330058685654, 1.1108607479801509, 0.0, 0.7071437766935319, 1.0557905352667343, 1.3001270834335588, 2.0, 1.0, 1.3
2025-01-23 16:53:16.150983: 3, 2.2409177697076013, 1.158613530815415, 0.0, 0.8254042824194977, 0.9486065941280308, 1.296184776810307, 2.0, 1.0, 1.3
2025-01-23 16:53:26.163095: 3, 2.1490233515702837, 1.1356289387215495, 0.0, 0.7136943972824755, 1.0290101214356557, 1.3031079526906233, 2.0, 1.0, 1.3
2025-01-23 16:53:36.175339: 3, 2.102087862795773, 1.1386151925431995, 0.0, 0.7674519786934695, 0.9872641293245977, 1.2982876874266533, 2.0, 1.0, 1.3
2025-01-23 16:53:46.184332: 3, 2.178600750545867, 1.1436976380055397, 0.0, 0.7400268402694166, 1.0030452226329787, 1.3005485167880424, 2.0, 1.0, 1.3
2025-01-23 16:53:56.194439: 3, 2.105118134662656, 1.1363381238118206, 0.0, 0.74075251128861, 1.0022581469648775, 1.300175243382938, 2.0, 1.0, 1.3
2025-01-23 16:54:06.204319: 3, 2.157970574825819, 1.1422287861666076, 0.0, 0.7460354892373882, 0.9966417314110219, 1.299603859074388, 2.0, 1.0, 1.3
2025-01-23 16:54:16.217640: 3, 2.1359985774558647, 1.1397649354430104, 0.0, 0.7366854275235873, 1.003032983242712, 1.3003768308641321, 2.0, 1.0, 1.3
2025-01-23 16:54:26.227320: 3, 2.138996657026967, 1.1398658741840133, 0.0, 0.7425032974679093, 0.9984429274402, 1.299810805167263, 2.0, 1.0, 1.3
2025-01-23 16:54:36.237516: 3, 2.1428222430438844, 1.1406692513475187, 0.0, 0.7391764422098757, 1.0004967506433389, 1.3000452374612963, 2.0, 1.0, 1.3
2025-01-23 16:54:46.247847: 3, 2.1374971741064854, 1.1397114101306078, 0.0, 0.7395788820969673, 1.0000868750363179, 1.3000370824312926, 2.0, 1.0, 1.3
2025-01-23 16:54:56.258728: 3, 2.1414442577295105, 1.1403927501653897, 0.0, 0.739924105537684, 0.9997362210056419, 1.299941011520607, 2.0, 1.0, 1.3
2025-01-23 16:55:06.268957: 3, 2.1399907926401966, 1.1401523450866091, 0.0, 0.7391239519010653, 1.0002205395099744, 1.3000453532453042, 2.0, 1.0, 1.3
2025-01-23 16:55:16.278543: 3, 2.1398402597886634, 1.1401025018613884, 0.0, 0.7395335651038922, 0.9999190722378218, 1.299982173257484, 2.0, 1.0, 1.3
2025-01-23 16:55:26.289997: 3, 2.1405304979210626, 1.140253350409909, 0.0, 0.7393745394002122, 0.9999853562793131, 1.2999982618786878, 2.0, 1.0, 1.3
2025-01-23 16:55:36.299591: 3, 2.139969030638898, 1.1401253692215512, 0.0, 0.73927049224831, 1.0000489562655142, 1.3000095826969038, 2.0, 1.0, 1.3
2025-01-23 16:55:46.310283: 3, 2.140195507232382, 1.1401892633770987, 0.0, 0.7393893042715755, 0.9999569741073366, 1.299990689369191, 2.0, 1.0, 1.3
2025-01-23 16:55:56.320512: 3, 2.1402545814957357, 1.140184880852638, 0.0, 0.7392811339746856, 1.0000202919293129, 1.3000053171025638, 2.0, 1.0, 1.3
2025-01-23 16:56:06.333631: 3, 2.140083044562733, 1.1401596445456486, 0.0, 0.7393075260251328, 1.0000037281404603, 1.29999945936637, 2.0, 1.0, 1.3
2025-01-23 16:56:16.349309: 3, 2.1402241442658796, 1.1401862688426594, 0.0, 0.7393234716698878, 0.999986985853463, 1.299998141581123, 2.0, 1.0, 1.3
2025-01-23 16:56:26.358737: 3, 2.1401664803283054, 1.1401715564020953, 0.0, 0.7392879556201383, 1.0000103906457927, 1.3000019048080282, 2.0, 1.0, 1.3
2025-01-23 16:56:36.371692: 3, 2.140150583439473, 1.1401726368977503, 0.0, 0.739308246609524, 0.9999960427719523, 1.2999990111231832, 2.0, 1.0, 1.3
2025-01-23 16:56:46.383373: 3, 2.1401995681718446, 1.140179338152754, 0.0, 0.7393013112867887, 0.9999989011710241, 1.3000000873693807, 2.0, 1.0, 1.3
2025-01-23 16:56:56.393752: 3, 2.140165465554641, 1.1401731370587092, 0.0, 0.73929498893686, 1.0000035047143623, 1.3000005256133706, 2.0, 1.0, 1.3
2025-01-23 16:57:06.411203: 3, 2.1401698424446565, 1.1401750439209015, 0.0, 0.7393023494511786, 0.999998121016944, 1.2999996177932756, 2.0, 1.0, 1.3
2025-01-23 16:57:16.424314: 3, 2.1401845018587804, 1.1401768545622633, 0.0, 0.7392995653189361, 0.999999511151614, 1.3000000115003665, 2.0, 1.0, 1.3
2025-01-23 16:57:26.433912: 3, 2.1401715845110636, 1.1401746025463353, 0.0, 0.7392969369203515, 1.0000014221704958, 1.3000002051926056, 2.0, 1.0, 1.3
2025-01-23 16:57:36.445406: 3, 2.140174978138594, 1.1401755147398698, 0.0, 0.73930014404388, 0.9999990266144527, 1.2999998264310317, 2.0, 1.0, 1.3
2025-01-23 16:57:46.458352: 3, 2.140178401252397, 1.1401758522270304, 0.0, 0.7392980902187934, 1.000000270104731, 1.3000000677196186, 2.0, 1.0, 1.3
2025-01-23 16:57:56.469093: 3, 2.1401730750810066, 1.140175023706259, 0.0, 0.7392980763704248, 1.000000321773164, 1.3000000389761, 2.0, 1.0, 1.3
2025-01-23 16:58:06.482726: 3, 2.140176213790223, 1.1401755960077828, 0.0, 0.7392989471441674, 0.9999996319653556, 1.2999999409136138, 2.0, 1.0, 1.3
2025-01-23 16:58:16.494695: 3, 2.14017574174776, 1.1401754523098604, 0.0, 0.739298077083213, 1.0000001994518524, 1.3000000369187328, 2.0, 1.0, 1.3
2025-01-23 16:58:26.505969: 3, 2.1401748275885053, 1.1401753328132544, 0.0, 0.7392984161960414, 0.9999999694703314, 1.2999999908336672, 2.0, 1.0, 1.3
2025-01-23 16:58:36.515757: 3, 2.140175917072505, 1.1401755131694942, 0.0, 0.7392984060622046, 0.9999999422125141, 1.2999999924759333, 2.0, 1.0, 1.3
2025-01-23 16:58:46.525712: 3, 2.140175280096829, 1.140175392896067, 0.0, 0.7392982166138403, 1.000000074509303, 1.3000000123401079, 2.0, 1.0, 1.3
2025-01-23 16:58:56.536090: 3, 2.140175350122915, 1.140175417216751, 0.0, 0.7392983762563635, 0.9999999604759924, 1.2999999923478267, 2.0, 1.0, 1.3
2025-01-23 16:59:06.545868: 3, 2.1401755608552646, 1.1401754475612027, 0.0, 0.7392983025851516, 1.0000000019946955, 1.3000000011622495, 2.0, 1.0, 1.3
2025-01-23 16:59:16.555962: 3, 2.140175333908608, 1.1401754081542212, 0.0, 0.7392982854070438, 1.0000000157637574, 1.3000000023422957, 2.0, 1.0, 1.3
2025-01-23 16:59:26.565948: 3, 2.140175452901538, 1.1401754315246344, 0.0, 0.7392983277297643, 0.9999999834413312, 1.2999999971015421, 2.0, 1.0, 1.3
2025-01-23 16:59:36.583915: 3, 2.140175450676716, 1.1401754284724448, 0.0, 0.7392982884916878, 1.00000000900172, 1.300000001780521, 2.0, 1.0, 1.3
2025-01-23 16:59:46.594025: 3, 2.1401753906674577, 1.140175419204295, 0.0, 0.7392983037866044, 0.9999999990273216, 1.2999999996212013, 2.0, 1.0, 1.3
2025-01-23 16:59:56.605531: 3, 2.1401754473743217, 1.1401754294481217, 0.0, 0.7392983070358328, 0.9999999955057849, 1.2999999992806421, 2.0, 1.0, 1.3
2025-01-23 17:00:06.615315: 3, 2.1401754217705813, 1.1401754240508193, 0.0, 0.7392982949033527, 1.0000000037678318, 1.3000000006924992, 2.0, 1.0, 1.3
2025-01-23 17:00:16.626715: 3, 2.1401754199186884, 1.140175424447401, 0.0, 0.7392983029133723, 0.9999999982680309, 1.2999999996296059, 2.0, 1.0, 1.3
2025-01-23 17:00:26.637501: 3, 2.140175432135864, 1.140175426285992, 0.0, 0.7392982998522565, 0.9999999999147196, 1.30000000004091, 2.0, 1.0, 1.3
2025-01-23 17:00:36.647115: 3, 2.140175420451183, 1.1401754241721158, 0.0, 0.7392982986481321, 1.0000000008924879, 1.3000000001312502, 2.0, 1.0, 1.3
2025-01-23 17:00:46.658825: 3, 2.14017542584546, 1.1401754253511398, 0.0, 0.7392983009815054, 0.999999999154403, 1.2999999998509675, 2.0, 1.0, 1.3
2025-01-23 17:00:56.668642: 3, 2.140175426587809, 1.1401754252987004, 0.0, 0.739298299175189, 1.0000000003220486, 1.300000000072353, 2.0, 1.0, 1.3
2025-01-23 17:01:06.679301: 3, 2.1401754234518906, 1.1401754248198928, 0.0, 0.7392982996126721, 1.0000000000751852, 1.300000000000448, 2.0, 1.0, 1.3
2025-01-23 17:01:16.689810: 3, 2.1401754260392956, 1.1401754252826626, 0.0, 0.7392982999526876, 0.9999999997744042, 1.299999999965827, 2.0, 1.0, 1.3
2025-01-23 17:01:26.699643: 3, 2.1401754251244425, 1.1401754250744496, 0.0, 0.7392982993656103, 1.0000000001803337, 1.3000000000326661, 2.0, 1.0, 1.3
2025-01-23 17:01:36.709600: 3, 2.1401754246356575, 1.140175425032611, 0.0, 0.7392982997268883, 0.9999999999373855, 1.2999999999855976, 2.0, 1.0, 1.3
2025-01-23 17:01:46.720589: 3, 2.1401754255326493, 1.1401754251747658, 0.0, 0.7392982996369991, 0.9999999999778679, 1.2999999999988603, 2.0, 1.0, 1.3
2025-01-23 17:01:56.731345: 3, 2.1401754249735543, 1.1401754250696885, 0.0, 0.7392982995305295, 1.000000000057054, 1.3000000000094625, 2.0, 1.0, 1.3
2025-01-23 17:02:06.752316: 3, 2.1401754249936835, 1.1401754250869405, 0.0, 0.7392982996506905, 0.9999999999740379, 1.2999999999945757, 2.0, 1.0, 1.3
2025-01-23 17:02:16.765835: 3, 2.1401754252445064, 1.140175425123024, 0.0, 0.7392982996121749, 0.99999999999402, 1.299999999999958, 2.0, 1.0, 1.3
2025-01-23 17:02:26.775848: 3, 2.14017542504167, 1.140175425087255, 0.0, 0.7392982995782519, 1.0000000000200675, 1.3000000000030218, 2.0, 1.0, 1.3
2025-01-23 17:02:36.786023: 3, 2.140175425072737, 1.1401754250966003, 0.0, 0.7392982996233027, 0.999999999988256, 1.299999999997813, 2.0, 1.0, 1.3
2025-01-23 17:02:46.797939: 3, 2.140175425155806, 1.1401754251085046, 0.0, 0.7392982996083097, 0.9999999999967741, 1.2999999999997205, 2.0, 1.0, 1.3
2025-01-23 17:02:56.807548: 3, 2.140175425071585, 1.1401754250938572, 0.0, 0.7392982995918993, 1.0000000000089784, 1.3000000000014595, 2.0, 1.0, 1.3
2025-01-23 17:03:06.821762: 3, 2.1401754250743235, 1.1401754250953422, 0.0, 0.7392982996121557, 0.9999999999948523, 1.2999999999990433, 2.0, 1.0, 1.3
2025-01-23 17:03:16.832706: 3, 2.1401754251295175, 1.1401754251045415, 0.0, 0.7392982996068501, 0.9999999999977125, 1.2999999999996714, 2.0, 1.0, 1.3
2025-01-23 17:03:26.847416: 3, 2.140175425099373, 1.14017542509883, 0.0, 0.739298299597534, 1.000000000004279, 1.300000000000767, 2.0, 1.0, 1.3
2025-01-23 17:03:36.859569: 3, 2.1401754250807534, 1.1401754250959464, 0.0, 0.7392982996036406, 1.000000000000309, 1.300000000000008, 2.0, 1.0, 1.3
2025-01-23 17:03:46.874461: 3, 2.1401754251059497, 1.1401754251005314, 0.0, 0.7392982996074796, 0.9999999999973576, 1.2999999999995402, 2.0, 1.0, 1.3
2025-01-23 17:03:56.888131: 3, 2.140175425108314, 1.1401754251006575, 0.0, 0.7392982996020093, 1.000000000001001, 1.3000000000002059, 2.0, 1.0, 1.3
2025-01-23 17:04:06.899189: 3, 2.1401754250923894, 1.1401754250978602, 0.0, 0.7392982996019054, 1.000000000001229, 1.3000000000001999, 2.0, 1.0, 1.3
2025-01-23 17:04:16.911594: 3, 2.140175425097156, 1.1401754250989042, 0.0, 0.739298299604986, 0.9999999999990683, 1.299999999999822, 2.0, 1.0, 1.3
2025-01-23 17:04:26.924491: 3, 2.1401754251034375, 1.1401754250999037, 0.0, 0.7392982996037746, 0.9999999999997788, 1.2999999999999792, 2.0, 1.0, 1.3
2025-01-23 17:04:36.940706: 3, 2.1401754250982874, 1.1401754250989082, 0.0, 0.7392982996025751, 1.0000000000006508, 1.3000000000001142, 2.0, 1.0, 1.3
2025-01-23 17:04:46.954443: 3, 2.1401754250966682, 1.1401754250987257, 0.0, 0.7392982996038243, 0.9999999999998096, 1.2999999999999559, 2.0, 1.0, 1.3
2025-01-23 17:04:56.966026: 3, 2.140175425100778, 1.1401754250994598, 0.0, 0.739298299603985, 0.9999999999996448, 1.2999999999999412, 2.0, 1.0, 1.3
2025-01-23 17:05:06.977771: 3, 2.140175425099851, 1.1401754250992362, 0.0, 0.739298299603094, 1.0000000000002507, 1.300000000000049, 2.0, 1.0, 1.3
2025-01-23 17:05:16.991762: 3, 2.1401754250977785, 1.1401754250988838, 0.0, 0.7392982996033245, 1.000000000000116, 1.3000000000000167, 2.0, 1.0, 1.3
2025-01-23 17:05:27.005287: 3, 2.1401754250993035, 1.140175425099185, 0.0, 0.7392982996038079, 0.9999999999997621, 1.2999999999999567, 2.0, 1.0, 1.3
2025-01-23 17:05:37.015624: 3, 2.1401754250997445, 1.140175425099236, 0.0, 0.7392982996033574, 1.000000000000057, 1.3000000000000134, 2.0, 1.0, 1.3
2025-01-23 17:05:47.026739: 3, 2.140175425098599, 1.1401754250990388, 0.0, 0.7392982996033602, 1.0000000000000702, 1.3000000000000107, 2.0, 1.0, 1.3
2025-01-23 17:05:57.036794: 3, 2.1401754250992258, 1.1401754250991591, 0.0, 0.7392982996035874, 0.9999999999999076, 1.299999999999984, 2.0, 1.0, 1.3
2025-01-23 17:06:07.050805: 3, 2.1401754250994447, 1.1401754250991956, 0.0, 0.7392982996033957, 1.0000000000000329, 1.3000000000000058, 2.0, 1.0, 1.3
2025-01-23 17:06:17.060588: 3, 2.140175425098925, 1.1401754250990974, 0.0, 0.7392982996033991, 1.0000000000000349, 1.300000000000007, 2.0, 1.0, 1.3
2025-01-23 17:06:27.070949: 3, 2.14017542509914, 1.1401754250991314, 0.0, 0.7392982996035047, 0.9999999999999649, 1.299999999999993, 2.0, 1.0, 1.3
2025-01-23 17:06:37.080866: 3, 2.1401754250992417, 1.140175425099168, 0.0, 0.7392982996034431, 1.0000000000000042, 1.299999999999999, 2.0, 1.0, 1.3
2025-01-23 17:06:47.093291: 3, 2.1401754250991, 1.1401754250991307, 0.0, 0.7392982996034245, 1.0000000000000133, 1.300000000000005, 2.0, 1.0, 1.3
2025-01-23 17:06:57.104685: 3, 2.1401754250990845, 1.140175425099117, 0.0, 0.7392982996034623, 0.9999999999999936, 1.2999999999999983, 2.0, 1.0, 1.3
2025-01-23 17:07:07.115051: 3, 2.140175425099179, 1.1401754250991551, 0.0, 0.7392982996034632, 0.999999999999992, 1.2999999999999972, 2.0, 1.0, 1.3
2025-01-23 17:07:17.125667: 3, 2.1401754250991694, 1.1401754250991412, 0.0, 0.7392982996034383, 1.0000000000000047, 1.3000000000000023, 2.0, 1.0, 1.3
2025-01-23 17:07:27.136630: 3, 2.1401754250990965, 1.1401754250991265, 0.0, 0.7392982996034415, 1.0000000000000062, 1.3000000000000003, 2.0, 1.0, 1.3
2025-01-23 17:07:37.146333: 3, 2.140175425099129, 1.14017542509914, 0.0, 0.7392982996034602, 0.9999999999999929, 1.2999999999999987, 2.0, 1.0, 1.3
2025-01-23 17:07:47.158746: 3, 2.1401754250991774, 1.140175425099149, 0.0, 0.7392982996034488, 0.9999999999999978, 1.3, 2.0, 1.0, 1.3
2025-01-23 17:07:57.171937: 3, 2.140175425099131, 1.1401754250991387, 0.0, 0.7392982996034374, 1.0000000000000053, 1.3000000000000007, 2.0, 1.0, 1.3
2025-01-23 17:08:07.181276: 3, 2.140175425099122, 1.1401754250991303, 0.0, 0.7392982996034464, 0.9999999999999994, 1.3000000000000007, 2.0, 1.0, 1.3
2025-01-23 17:08:17.191404: 3, 2.140175425099137, 1.140175425099133, 0.0, 0.7392982996034504, 0.9999999999999989, 1.2999999999999994, 2.0, 1.0, 1.3
2025-01-23 17:08:27.202352: 3, 2.1401754250991374, 1.1401754250991418, 0.0, 0.7392982996034504, 0.9999999999999996, 1.2999999999999994, 2.0, 1.0, 1.3
2025-01-23 17:08:37.212597: 3, 2.140175425099146, 1.1401754250991494, 0.0, 0.7392982996034484, 0.9999999999999989, 1.3000000000000003, 2.0, 1.0, 1.3
2025-01-23 17:08:47.223225: 3, 2.140175425099149, 1.1401754250991387, 0.0, 0.7392982996034446, 1.0, 1.300000000000001, 2.0, 1.0, 1.3
2025-01-23 17:08:57.233278: 3, 2.1401754250991303, 1.1401754250991303, 0.0, 0.7392982996034445, 1.0000000000000013, 1.300000000000001, 2.0, 1.0, 1.3
2025-01-23 17:09:07.243009: 3, 2.1401754250991196, 1.140175425099131, 0.0, 0.7392982996034513, 0.9999999999999998, 1.2999999999999996, 2.0, 1.0, 1.3
2025-01-23 17:09:17.253015: 3, 2.140175425099138, 1.1401754250991354, 0.0, 0.7392982996034552, 0.999999999999998, 1.2999999999999996, 2.0, 1.0, 1.3
2025-01-23 17:09:27.261978: 3, 2.1401754250991427, 1.1401754250991396, 0.0, 0.7392982996034521, 1.0, 1.2999999999999996, 2.0, 1.0, 1.3
2025-01-23 17:09:37.271082: 3, 2.1401754250991427, 1.140175425099144, 0.0, 0.7392982996034491, 1.0, 1.2999999999999996, 2.0, 1.0, 1.3
2025-01-23 17:09:47.281829: 3, 2.140175425099145, 1.1401754250991485, 0.0, 0.7392982996034465, 0.9999999999999993, 1.2999999999999996, 2.0, 1.0, 1.3
2025-01-23 17:09:57.293411: 3, 2.14017542509915, 1.140175425099141, 0.0, 0.7392982996034432, 1.0, 1.300000000000001, 2.0, 1.0, 1.3
2025-01-23 17:10:07.304004: 3, 2.140175425099133, 1.140175425099132, 0.0, 0.7392982996034425, 1.0000000000000013, 1.300000000000001, 2.0, 1.0, 1.3
2025-01-23 17:10:17.313515: 3, 2.140175425099118, 1.14017542509913, 0.0, 0.7392982996034485, 1.0000000000000007, 1.2999999999999996, 2.0, 1.0, 1.3
2025-01-23 17:10:27.325748: 3, 2.140175425099135, 1.1401754250991343, 0.0, 0.7392982996034542, 0.9999999999999976, 1.2999999999999996, 2.0, 1.0, 1.3
2025-01-23 17:10:37.336192: 3, 2.1401754250991454, 1.1401754250991387, 0.0, 0.7392982996034516, 1.0, 1.2999999999999996, 2.0, 1.0, 1.3
2025-01-23 17:10:47.351475: 3, 2.1401754250991454, 1.140175425099143, 0.0, 0.7392982996034484, 1.0, 1.2999999999999996, 2.0, 1.0, 1.3
2025-01-23 17:10:57.361662: 3, 2.1401754250991454, 1.1401754250991474, 0.0, 0.7392982996034452, 1.0, 1.2999999999999996, 2.0, 1.0, 1.3
2025-01-23 17:11:07.372030: 3, 2.1401754250991454, 1.1401754250991427, 0.0, 0.7392982996034418, 1.0, 1.300000000000001, 2.0, 1.0, 1.3
2025-01-23 17:11:17.382839: 3, 2.140175425099143, 1.1401754250991343, 0.0, 0.7392982996034418, 1.0000000000000013, 1.300000000000001, 2.0, 1.0, 1.3
2025-01-23 17:11:27.392028: 3, 2.140175425099124, 1.1401754250991276, 0.0, 0.7392982996034446, 1.0000000000000013, 1.3000000000000003, 2.0, 1.0, 1.3
2025-01-23 17:11:37.402853: 3, 2.1401754250991294, 1.1401754250991334, 0.0, 0.739298299603452, 0.9999999999999982, 1.2999999999999996, 2.0, 1.0, 1.3
2025-01-23 17:11:47.414417: 3, 2.1401754250991423, 1.1401754250991376, 0.0, 0.7392982996034514, 0.9999999999999994, 1.2999999999999996, 2.0, 1.0, 1.3
2025-01-23 17:11:57.423337: 3, 2.140175425099142, 1.140175425099142, 0.0, 0.739298299603448, 1.0, 1.2999999999999996, 2.0, 1.0, 1.3
2025-01-23 17:12:07.433062: 3, 2.140175425099142, 1.1401754250991465, 0.0, 0.739298299603448, 1.0, 1.2999999999999996, 2.0, 1.0, 1.3
2025-01-23 17:12:17.443423: 3, 2.1401754250991507, 1.140175425099145, 0.0, 0.7392982996034454, 0.9999999999999993, 1.300000000000001, 2.0, 1.0, 1.3
2025-01-23 17:12:27.452077: 3, 2.140175425099141, 1.140175425099136, 0.0, 0.7392982996034421, 1.0000000000000013, 1.300000000000001, 2.0, 1.0, 1.3
2025-01-23 17:12:37.462009: 3, 2.140175425099123, 1.1401754250991272, 0.0, 0.7392982996034451, 1.0000000000000013, 1.300000000000001, 2.0, 1.0, 1.3
2025-01-23 17:12:47.473129: 3, 2.1401754250991263, 1.1401754250991323, 0.0, 0.7392982996034533, 0.9999999999999982, 1.2999999999999996, 2.0, 1.0, 1.3
2025-01-23 17:12:57.483336: 3, 2.140175425099143, 1.1401754250991367, 0.0, 0.7392982996034528, 0.9999999999999993, 1.2999999999999996, 2.0, 1.0, 1.3
2025-01-23 17:13:07.492917: 3, 2.1401754250991427, 1.1401754250991412, 0.0, 0.7392982996034494, 1.0, 1.2999999999999996, 2.0, 1.0, 1.3
2025-01-23 17:13:17.503112: 3, 2.1401754250991427, 1.1401754250991454, 0.0, 0.7392982996034465, 1.0, 1.2999999999999996, 2.0, 1.0, 1.3
2025-01-23 17:13:27.513181: 3, 2.140175425099148, 1.140175425099148, 0.0, 0.7392982996034454, 0.999999999999999, 1.3000000000000003, 2.0, 1.0, 1.3
2025-01-23 17:13:37.523212: 3, 2.1401754250991445, 1.1401754250991378, 0.0, 0.7392982996034421, 1.0000000000000013, 1.300000000000001, 2.0, 1.0, 1.3
2025-01-23 17:13:47.534772: 3, 2.1401754250991276, 1.1401754250991294, 0.0, 0.7392982996034435, 1.0000000000000013, 1.300000000000001, 2.0, 1.0, 1.3
2025-01-23 17:13:57.544636: 3, 2.140175425099122, 1.1401754250991314, 0.0, 0.7392982996034515, 0.9999999999999988, 1.2999999999999996, 2.0, 1.0, 1.3
2025-01-23 17:14:07.554784: 3, 2.1401754250991427, 1.1401754250991356, 0.0, 0.7392982996034531, 0.9999999999999988, 1.2999999999999996, 2.0, 1.0, 1.3
2025-01-23 17:14:17.567469: 3, 2.140175425099141, 1.14017542509914, 0.0, 0.7392982996034495, 1.0, 1.2999999999999996, 2.0, 1.0, 1.3
2025-01-23 17:14:27.579658: 3, 2.140175425099141, 1.1401754250991445, 0.0, 0.7392982996034495, 1.0, 1.2999999999999996, 2.0, 1.0, 1.3
2025-01-23 17:14:37.590890: 3, 2.1401754250991476, 1.1401754250991487, 0.0, 0.739298299603448, 0.9999999999999991, 1.2999999999999996, 2.0, 1.0, 1.3
2025-01-23 17:14:47.601844: 3, 2.140175425099148, 1.14017542509914, 0.0, 0.7392982996034434, 1.0000000000000007, 1.300000000000001, 2.0, 1.0, 1.3
2025-01-23 17:14:57.611902: 3, 2.1401754250991303, 1.1401754250991312, 0.0, 0.7392982996034433, 1.0000000000000013, 1.300000000000001, 2.0, 1.0, 1.3
2025-01-23 17:15:07.622723: 3, 2.1401754250991187, 1.1401754250991303, 0.0, 0.7392982996034506, 0.9999999999999996, 1.2999999999999996, 2.0, 1.0, 1.3
2025-01-23 17:15:17.633746: 3, 2.140175425099137, 1.1401754250991347, 0.0, 0.7392982996034542, 0.999999999999998, 1.2999999999999996, 2.0, 1.0, 1.3
2025-01-23 17:15:27.643202: 3, 2.140175425099142, 1.1401754250991392, 0.0, 0.7392982996034516, 1.0, 1.2999999999999996, 2.0, 1.0, 1.3
2025-01-23 17:15:37.654032: 3, 2.140175425099142, 1.1401754250991434, 0.0, 0.7392982996034484, 1.0, 1.2999999999999996, 2.0, 1.0, 1.3
2025-01-23 17:15:47.665270: 3, 2.1401754250991445, 1.1401754250991478, 0.0, 0.7392982996034477, 0.9999999999999992, 1.2999999999999996, 2.0, 1.0, 1.3
2025-01-23 17:15:57.675579: 3, 2.14017542509915, 1.1401754250991423, 0.0, 0.7392982996034441, 1.0, 1.3000000000000007, 2.0, 1.0, 1.3
2025-01-23 17:16:07.686355: 3, 2.140175425099137, 1.1401754250991338, 0.0, 0.7392982996034422, 1.0000000000000016, 1.3000000000000007, 2.0, 1.0, 1.3
2025-01-23 17:16:17.695547: 3, 2.140175425099119, 1.14017542509913, 0.0, 0.7392982996034471, 1.0000000000000016, 1.2999999999999994, 2.0, 1.0, 1.3
2025-01-23 17:16:27.705523: 3, 2.140175425099132, 1.1401754250991378, 0.0, 0.7392982996034538, 0.9999999999999973, 1.2999999999999994, 2.0, 1.0, 1.3
2025-01-23 17:16:37.715681: 3, 2.1401754250991547, 1.1401754250991467, 0.0, 0.7392982996034496, 0.9999999999999988, 1.2999999999999994, 2.0, 1.0, 1.3
2025-01-23 17:16:47.725626: 3, 2.140175425099148, 1.1401754250991418, 0.0, 0.739298299603443, 1.0000000000000018, 1.3000000000000012, 2.0, 1.0, 1.3
2025-01-23 17:16:57.735416: 3, 2.140175425099131, 1.1401754250991334, 0.0, 0.7392982996034433, 1.0000000000000018, 1.3000000000000012, 2.0, 1.0, 1.3
2025-01-23 17:17:07.744864: 3, 2.1401754250991187, 1.1401754250991298, 0.0, 0.73929829960345, 1.0000000000000004, 1.2999999999999996, 2.0, 1.0, 1.3
2025-01-23 17:17:17.754366: 3, 2.1401754250991343, 1.1401754250991336, 0.0, 0.7392982996034554, 0.999999999999998, 1.2999999999999996, 2.0, 1.0, 1.3
2025-01-23 17:17:27.764151: 3, 2.140175425099142, 1.1401754250991378, 0.0, 0.7392982996034531, 1.0, 1.2999999999999996, 2.0, 1.0, 1.3
2025-01-23 17:17:37.773768: 3, 2.140175425099142, 1.1401754250991423, 0.0, 0.73929829960345, 1.0, 1.2999999999999996, 2.0, 1.0, 1.3
2025-01-23 17:17:47.783995: 3, 2.140175425099142, 1.1401754250991467, 0.0, 0.739298299603448, 1.0, 1.2999999999999996, 2.0, 1.0, 1.3
2025-01-23 17:17:57.793746: 3, 2.1401754250991503, 1.1401754250991445, 0.0, 0.7392982996034454, 0.9999999999999993, 1.300000000000001, 2.0, 1.0, 1.3
2025-01-23 17:18:07.803547: 3, 2.140175425099139, 1.1401754250991356, 0.0, 0.7392982996034416, 1.0000000000000022, 1.300000000000001, 2.0, 1.0, 1.3
2025-01-23 17:18:17.813119: 3, 2.1401754250991214, 1.1401754250991267, 0.0, 0.739298299603446, 1.0000000000000022, 1.300000000000001, 2.0, 1.0, 1.3
2025-01-23 17:18:27.823409: 3, 2.140175425099125, 1.1401754250991352, 0.0, 0.7392982996034536, 0.9999999999999983, 1.2999999999999994, 2.0, 1.0, 1.3
2025-01-23 17:18:37.833258: 3, 2.1401754250991503, 1.140175425099144, 0.0, 0.7392982996034523, 0.9999999999999983, 1.2999999999999994, 2.0, 1.0, 1.3
2025-01-23 17:18:47.842063: 3, 2.1401754250991516, 1.140175425099145, 0.0, 0.7392982996034461, 1.0, 1.300000000000001, 2.0, 1.0, 1.3
2025-01-23 17:18:57.851893: 3, 2.14017542509914, 1.1401754250991365, 0.0, 0.7392982996034421, 1.0000000000000013, 1.300000000000001, 2.0, 1.0, 1.3
2025-01-23 17:19:07.862813: 3, 2.1401754250991223, 1.1401754250991276, 0.0, 0.7392982996034462, 1.0000000000000013, 1.300000000000001, 2.0, 1.0, 1.3
2025-01-23 17:19:17.872782: 3, 2.1401754250991267, 1.1401754250991347, 0.0, 0.7392982996034543, 0.999999999999998, 1.2999999999999994, 2.0, 1.0, 1.3
2025-01-23 17:19:27.883360: 3, 2.14017542509915, 1.1401754250991432, 0.0, 0.7392982996034528, 0.9999999999999982, 1.2999999999999994, 2.0, 1.0, 1.3
2025-01-23 17:19:37.892872: 3, 2.1401754250991507, 1.1401754250991463, 0.0, 0.7392982996034462, 0.9999999999999999, 1.3000000000000007, 2.0, 1.0, 1.3
2025-01-23 17:19:47.904690: 3, 2.140175425099143, 1.1401754250991378, 0.0, 0.7392982996034424, 1.000000000000002, 1.3000000000000007, 2.0, 1.0, 1.3
2025-01-23 17:19:57.914665: 3, 2.1401754250991254, 1.140175425099129, 0.0, 0.7392982996034448, 1.000000000000002, 1.3000000000000007, 2.0, 1.0, 1.3
2025-01-23 17:20:07.925048: 3, 2.1401754250991223, 1.1401754250991338, 0.0, 0.7392982996034531, 0.9999999999999984, 1.299999999999999, 2.0, 1.0, 1.3
2025-01-23 17:20:17.934537: 3, 2.140175425099148, 1.1401754250991423, 0.0, 0.7392982996034537, 0.9999999999999973, 1.299999999999999, 2.0, 1.0, 1.3
2025-01-23 17:20:27.944261: 3, 2.1401754250991543, 1.1401754250991472, 0.0, 0.7392982996034466, 1.0, 1.3000000000000003, 2.0, 1.0, 1.3
2025-01-23 17:20:37.954873: 3, 2.1401754250991543, 1.1401754250991472, 0.0, 0.7392982996034404, 1.0, 1.3000000000000003, 2.0, 1.0, 1.3
2025-01-23 17:20:47.964435: 3, 2.1401754250991543, 1.1401754250991472, 0.0, 0.7392982996034363, 1.0, 1.3000000000000003, 2.0, 1.0, 1.3
2025-01-23 17:20:57.974322: 3, 2.1401754250991543, 1.1401754250991472, 0.0, 0.739298299603433, 1.0, 1.3000000000000003, 2.0, 1.0, 1.3
2025-01-23 17:21:07.983899: 3, 2.1401754250991543, 1.1401754250991472, 0.0, 0.7392982996034296, 1.0, 1.3000000000000003, 2.0, 1.0, 1.3
2025-01-23 17:21:17.993755: 3, 2.1401754250991543, 1.1401754250991472, 0.0, 0.7392982996034266, 1.0, 1.3000000000000003, 2.0, 1.0, 1.3
2025-01-23 17:21:28.003460: 3, 2.1401754250991543, 1.1401754250991472, 0.0, 0.7392982996034266, 1.0, 1.3000000000000003, 2.0, 1.0, 1.3
2025-01-23 17:21:38.013370: 3, 2.1401754250991543, 1.1401754250991472, 0.0, 0.7392982996034266, 1.0, 1.3000000000000003, 2.0, 1.0, 1.3
2025-01-23 17:21:48.023445: 3, 2.1401754250991543, 1.1401754250991472, 0.0, 0.7392982996034266, 1.0, 1.3000000000000003, 2.0, 1.0, 1.3
2025-01-23 17:21:58.034504: 3, 2.1401754250991543, 1.1401754250991472, 0.0, 0.7392982996034266, 1.0, 1.3000000000000003, 2.0, 1.0, 1.3
2025-01-23 17:22:08.044476: 3, 2.1401754250991543, 1.1401754250991472, 0.0, 0.7392982996034266, 1.0, 1.3000000000000003, 2.0, 1.0, 1.3
2025-01-23 17:22:18.055120: 3, 2.1401754250991543, 1.1401754250991472, 0.0, 0.7392982996034266, 1.0, 1.3000000000000003, 2.0, 1.0, 1.3
2025-01-23 17:22:28.064188: 3, 2.1401754250991543, 1.1401754250991472, 0.0, 0.7392982996034266, 1.0, 1.3000000000000003, 2.0, 1.0, 1.3
2025-01-23 17:22:38.074904: 3, 2.1401754250991543, 1.1401754250991472, 0.0, 0.7392982996034266, 1.0, 1.3000000000000003, 2.0, 1.0, 1.3
2025-01-23 17:22:48.085933: 3, 2.1401754250991543, 1.1401754250991472, 0.0, 0.7392982996034266, 1.0, 1.3000000000000003, 2.0, 1.0, 1.3
2025-01-23 17:22:58.095218: 3, 2.1401754250991543, 1.1401754250991472, 0.0, 0.7392982996034266, 1.0, 1.3000000000000003, 2.0, 1.0, 1.3
2025-01-23 17:23:08.104896: 3, 2.1401754250991543, 1.1401754250991472, 0.0, 0.7392982996034266, 1.0, 1.3000000000000003, 2.0, 1.0, 1.3
2025-01-23 17:23:18.114894: 3, 2.1401754250991543, 1.1401754250991472, 0.0, 0.7392982996034266, 1.0, 1.3000000000000003, 2.0, 1.0, 1.3
2025-01-23 17:23:28.125085: 3, 2.1401754250991543, 1.1401754250991472, 0.0, 0.7392982996034266, 1.0, 1.3000000000000003, 2.0, 1.0, 1.3
2025-01-23 17:23:38.134536: 3, 2.1401754250991543, 1.1401754250991472, 0.0, 0.7392982996034266, 1.0, 1.3000000000000003, 2.0, 1.0, 1.3
2025-01-23 17:23:48.144983: 3, 2.1401754250991543, 1.1401754250991472, 0.0, 0.7392982996034266, 1.0, 1.3000000000000003, 2.0, 1.0, 1.3
2025-01-23 17:23:58.154842: 3, 2.1401754250991543, 1.1401754250991472, 0.0, 0.7392982996034266, 1.0, 1.3000000000000003, 2.0, 1.0, 1.3
2025-01-23 17:24:08.164631: 3, 2.1401754250991543, 1.1401754250991472, 0.0, 0.7392982996034266, 1.0, 1.3000000000000003, 2.0, 1.0, 1.3
2025-01-23 17:24:18.174732: 3, 2.1401754250991543, 1.1401754250991472, 0.0, 0.7392982996034266, 1.0, 1.3000000000000003, 2.0, 1.0, 1.3
2025-01-23 17:24:28.185473: 3, 2.1401754250991543, 1.1401754250991472, 0.0, 0.7392982996034266, 1.0, 1.3000000000000003, 2.0, 1.0, 1.3
2025-01-23 17:24:38.196068: 3, 2.1401754250991543, 1.1401754250991472, 0.0, 0.7392982996034266, 1.0, 1.3000000000000003, 2.0, 1.0, 1.3
2025-01-23 17:24:48.205932: 3, 2.1401754250991543, 1.1401754250991472, 0.0, 0.7392982996034266, 1.0, 1.3000000000000003, 2.0, 1.0, 1.3
2025-01-23 17:24:58.215608: 3, 2.1401754250991543, 1.1401754250991472, 0.0, 0.7392982996034266, 1.0, 1.3000000000000003, 2.0, 1.0, 1.3
2025-01-23 17:25:08.226948: 3, 2.1401754250991543, 1.1401754250991472, 0.0, 0.7392982996034266, 1.0, 1.3000000000000003, 2.0, 1.0, 1.3
2025-01-23 17:25:18.236586: 3, 2.1401754250991543, 1.1401754250991472, 0.0, 0.7392982996034266, 1.0, 1.3000000000000003, 2.0, 1.0, 1.3
2025-01-23 17:25:28.246212: 3, 2.1401754250991543, 1.1401754250991472, 0.0, 0.7392982996034266, 1.0, 1.3000000000000003, 2.0, 1.0, 1.3
2025-01-23 17:25:38.257486: 3, 2.1401754250991543, 1.1401754250991472, 0.0, 0.7392982996034266, 1.0, 1.3000000000000003, 2.0, 1.0, 1.3
2025-01-23 17:25:48.267713: 3, 2.1401754250991543, 1.1401754250991472, 0.0, 0.7392982996034266, 1.0, 1.3000000000000003, 2.0, 1.0, 1.3
2025-01-23 17:25:58.276928: 3, 2.1401754250991543, 1.1401754250991472, 0.0, 0.7392982996034266, 1.0, 1.3000000000000003, 2.0, 1.0, 1.3
2025-01-23 17:26:08.286736: 3, 2.1401754250991543, 1.1401754250991472, 0.0, 0.7392982996034266, 1.0, 1.3000000000000003, 2.0, 1.0, 1.3
2025-01-23 17:26:18.298818: 3, 2.1401754250991543, 1.1401754250991472, 0.0, 0.7392982996034266, 1.0, 1.3000000000000003, 2.0, 1.0, 1.3
2025-01-23 17:26:28.308918: 3, 2.1401754250991543, 1.1401754250991472, 0.0, 0.7392982996034266, 1.0, 1.3000000000000003, 2.0, 1.0, 1.3
2025-01-23 17:26:38.320276: 3, 2.1401754250991543, 1.1401754250991472, 0.0, 0.7392982996034266, 1.0, 1.3000000000000003, 2.0, 1.0, 1.3
2025-01-23 17:26:48.331077: 3, 2.1401754250991543, 1.1401754250991472, 0.0, 0.7392982996034266, 1.0, 1.3000000000000003, 2.0, 1.0, 1.3
2025-01-23 17:26:58.340718: 3, 2.1401754250991543, 1.1401754250991472, 0.0, 0.7392982996034266, 1.0, 1.3000000000000003, 2.0, 1.0, 1.3
2025-01-23 17:27:08.350255: 3, 2.1401754250991543, 1.1401754250991472, 0.0, 0.7392982996034266, 1.0, 1.3000000000000003, 2.0, 1.0, 1.3
2025-01-23 17:27:18.361322: 3, 2.1401754250991543, 1.1401754250991472, 0.0, 0.7392982996034266, 1.0, 1.3000000000000003, 2.0, 1.0, 1.3
2025-01-23 17:27:28.371999: 3, 2.1401754250991543, 1.1401754250991472, 0.0, 0.7392982996034266, 1.0, 1.3000000000000003, 2.0, 1.0, 1.3
2025-01-23 17:27:38.382857: 3, 2.1401754250991543, 1.1401754250991472, 0.0, 0.7392982996034266, 1.0, 1.3000000000000003, 2.0, 1.0, 1.3
2025-01-23 17:27:48.393253: 3, 2.1401754250991543, 1.1401754250991472, 0.0, 0.7392982996034266, 1.0, 1.3000000000000003, 2.0, 1.0, 1.3
2025-01-23 17:27:58.402728: 3, 2.1401754250991543, 1.1401754250991472, 0.0, 0.7392982996034266, 1.0, 1.3000000000000003, 2.0, 1.0, 1.3
2025-01-23 17:28:08.412650: 3, 2.1401754250991543, 1.1401754250991472, 0.0, 0.7392982996034266, 1.0, 1.3000000000000003, 2.0, 1.0, 1.3
2025-01-23 17:28:18.423035: 3, 2.1401754250991543, 1.1401754250991472, 0.0, 0.7392982996034266, 1.0, 1.3000000000000003, 2.0, 1.0, 1.3
2025-01-23 17:28:28.433685: 3, 2.1401754250991543, 1.1401754250991472, 0.0, 0.7392982996034266, 1.0, 1.3000000000000003, 2.0, 1.0, 1.3
2025-01-23 17:28:38.442917: 3, 2.1401754250991543, 1.1401754250991472, 0.0, 0.7392982996034266, 1.0, 1.3000000000000003, 2.0, 1.0, 1.3
2025-01-23 17:28:48.452307: 3, 2.1401754250991543, 1.1401754250991472, 0.0, 0.7392982996034266, 1.0, 1.3000000000000003, 2.0, 1.0, 1.3
2025-01-23 17:28:58.463174: 3, 2.1401754250991543, 1.1401754250991472, 0.0, 0.7392982996034266, 1.0, 1.3000000000000003, 2.0, 1.0, 1.3
2025-01-23 17:29:08.473729: 3, 2.1401754250991543, 1.1401754250991472, 0.0, 0.7392982996034266, 1.0, 1.3000000000000003, 2.0, 1.0, 1.3
2025-01-23 17:29:18.484038: 3, 2.1401754250991543, 1.1401754250991472, 0.0, 0.7392982996034266, 1.0, 1.3000000000000003, 2.0, 1.0, 1.3
2025-01-23 17:29:28.493722: 3, 2.1401754250991543, 1.1401754250991472, 0.0, 0.7392982996034266, 1.0, 1.3000000000000003, 2.0, 1.0, 1.3
2025-01-23 17:29:38.502898: 3, 2.1401754250991543, 1.1401754250991472, 0.0, 0.7392982996034266, 1.0, 1.3000000000000003, 2.0, 1.0, 1.3
2025-01-23 17:29:48.512614: 3, 2.1401754250991543, 1.1401754250991472, 0.0, 0.7392982996034266, 1.0, 1.3000000000000003, 2.0, 1.0, 1.3
2025-01-23 17:29:58.524692: 3, 2.1401754250991543, 1.1401754250991472, 0.0, 0.7392982996034266, 1.0, 1.3000000000000003, 2.0, 1.0, 1.3
2025-01-23 17:30:08.534881: 3, 2.1401754250991543, 1.1401754250991472, 0.0, 0.7392982996034266, 1.0, 1.3000000000000003, 2.0, 1.0, 1.3
2025-01-23 17:30:18.546766: 3, 2.1401754250991543, 1.1401754250991472, 0.0, 0.7392982996034266, 1.0, 1.3000000000000003, 2.0, 1.0, 1.3
2025-01-23 17:30:28.556301: 3, 2.1401754250991543, 1.1401754250991472, 0.0, 0.7392982996034266, 1.0, 1.3000000000000003, 2.0, 1.0, 1.3
2025-01-23 17:30:38.566515: 3, 2.1401754250991543, 1.1401754250991472, 0.0, 0.7392982996034266, 1.0, 1.3000000000000003, 2.0, 1.0, 1.3
2025-01-23 17:30:48.577236: 3, 2.1401754250991543, 1.1401754250991472, 0.0, 0.7392982996034266, 1.0, 1.3000000000000003, 2.0, 1.0, 1.3
2025-01-23 17:30:58.586762: 3, 2.1401754250991543, 1.1401754250991472, 0.0, 0.7392982996034266, 1.0, 1.3000000000000003, 2.0, 1.0, 1.3
2025-01-23 17:31:08.596164: 3, 2.1401754250991543, 1.1401754250991472, 0.0, 0.7392982996034266, 1.0, 1.3000000000000003, 2.0, 1.0, 1.3
2025-01-23 17:31:18.607529: 3, 2.1401754250991543, 1.1401754250991472, 0.0, 0.7392982996034266, 1.0, 1.3000000000000003, 2.0, 1.0, 1.3
2025-01-23 20:31:27.818165: Erro: , Erro: , Erro: [WinError 10053] Uma conexão estabelecida foi anulada pelo software no computador host, Erro: [WinError 10053] Uma conexão estabelecida foi anulada pelo software no computador host, Erro: [WinError 10053] Uma conexão estabelecida foi anulada pelo software no computador host, Erro: [WinError 10053] Uma conexão estabelecida foi anulada pelo software no computador host, Erro: [WinError 10053] Uma conexão estabelecida foi anulada pelo software no computador host, Erro: [WinError 10053] Uma conexão estabelecida foi anulada pelo software no computador host, Erro: [WinError 10053] Uma conexão estabelecida foi anulada pelo software no computador host, Erro: [WinError 10053] Uma conexão estabelecida foi anulada pelo software no computador host
2025-01-23 20:50:21.411160: Erro: [WinError 10053] Uma conexão estabelecida foi anulada pelo software no computador host, Erro: [WinError 10053] Uma conexão estabelecida foi anulada pelo software no computador host, Erro: [WinError 10053] Uma conexão estabelecida foi anulada pelo software no computador host, Erro: [WinError 10053] Uma conexão estabelecida foi anulada pelo software no computador host, Erro: [WinError 10053] Uma conexão estabelecida foi anulada pelo software no computador host, Erro: [WinError 10053] Uma conexão estabelecida foi anulada pelo software no computador host, Erro: [WinError 10053] Uma conexão estabelecida foi anulada pelo software no computador host, Erro: [WinError 10053] Uma conexão estabelecida foi anulada pelo software no computador host, Erro: [WinError 10053] Uma conexão estabelecida foi anulada pelo software no computador host, Erro: [WinError 10053] Uma conexão estabelecida foi anulada pelo software no computador host
2025-01-23 20:50:31.415017: Erro: [WinError 10053] Uma conexão estabelecida foi anulada pelo software no computador host, Erro: [WinError 10053] Uma conexão estabelecida foi anulada pelo software no computador host, Erro: [WinError 10053] Uma conexão estabelecida foi anulada pelo software no computador host, Erro: [WinError 10053] Uma conexão estabelecida foi anulada pelo software no computador host, Erro: [WinError 10053] Uma conexão estabelecida foi anulada pelo software no computador host, Erro: [WinError 10053] Uma conexão estabelecida foi anulada pelo software no computador host, Erro: [WinError 10053] Uma conexão estabelecida foi anulada pelo software no computador host, Erro: [WinError 10053] Uma conexão estabelecida foi anulada pelo software no computador host, Erro: [WinError 10053] Uma conexão estabelecida foi anulada pelo software no computador host, Erro: [WinError 10053] Uma conexão estabelecida foi anulada pelo software no computador host
2025-01-23 20:50:41.418267: Erro: [WinError 10053] Uma conexão estabelecida foi anulada pelo software no computador host, Erro: [WinError 10053] Uma conexão estabelecida foi anulada pelo software no computador host, Erro: [WinError 10053] Uma conexão estabelecida foi anulada pelo software no computador host, Erro: [WinError 10053] Uma conexão estabelecida foi anulada pelo software no computador host, Erro: [WinError 10053] Uma conexão estabelecida foi anulada pelo software no computador host, Erro: [WinError 10053] Uma conexão estabelecida foi anulada pelo software no computador host, Erro: [WinError 10053] Uma conexão estabelecida foi anulada pelo software no computador host, Erro: [WinError 10053] Uma conexão estabelecida foi anulada pelo software no computador host, Erro: [WinError 10053] Uma conexão estabelecida foi anulada pelo software no computador host, Erro: [WinError 10053] Uma conexão estabelecida foi anulada pelo software no computador host
2025-01-23 20:50:51.421784: Erro: [WinError 10053] Uma conexão estabelecida foi anulada pelo software no computador host, Erro: [WinError 10053] Uma conexão estabelecida foi anulada pelo software no computador host, Erro: [WinError 10053] Uma conexão estabelecida foi anulada pelo software no computador host, Erro: [WinError 10053] Uma conexão estabelecida foi anulada pelo software no computador host, Erro: [WinError 10053] Uma conexão estabelecida foi anulada pelo software no computador host, Erro: [WinError 10053] Uma conexão estabelecida foi anulada pelo software no computador host, Erro: [WinError 10053] Uma conexão estabelecida foi anulada pelo software no computador host, Erro: [WinError 10053] Uma conexão estabelecida foi anulada pelo software no computador host, Erro: [WinError 10053] Uma conexão estabelecida foi anulada pelo software no computador host, Erro: [WinError 10053] Uma conexão estabelecida foi anulada pelo software no computador host
2025-01-23 20:51:01.424773: Erro: [WinError 10053] Uma conexão estabelecida foi anulada pelo software no computador host, Erro: [WinError 10053] Uma conexão estabelecida foi anulada pelo software no computador host, Erro: [WinError 10053] Uma conexão estabelecida foi anulada pelo software no computador host, Erro: [WinError 10053] Uma conexão estabelecida foi anulada pelo software no computador host, Erro: [WinError 10053] Uma conexão estabelecida foi anulada pelo software no computador host, Erro: [WinError 10053] Uma conexão estabelecida foi anulada pelo software no computador host, Erro: [WinError 10053] Uma conexão estabelecida foi anulada pelo software no computador host, Erro: [WinError 10053] Uma conexão estabelecida foi anulada pelo software no computador host, Erro: [WinError 10053] Uma conexão estabelecida foi anulada pelo software no computador host, Erro: [WinError 10053] Uma conexão estabelecida foi anulada pelo software no computador host
2025-01-23 20:51:11.427878: Erro: [WinError 10053] Uma conexão estabelecida foi anulada pelo software no computador host, Erro: [WinError 10053] Uma conexão estabelecida foi anulada pelo software no computador host, Erro: [WinError 10053] Uma conexão estabelecida foi anulada pelo software no computador host, Erro: [WinError 10053] Uma conexão estabelecida foi anulada pelo software no computador host, Erro: [WinError 10053] Uma conexão estabelecida foi anulada pelo software no computador host, Erro: [WinError 10053] Uma conexão estabelecida foi anulada pelo software no computador host, Erro: [WinError 10053] Uma conexão estabelecida foi anulada pelo software no computador host, Erro: [WinError 10053] Uma conexão estabelecida foi anulada pelo software no computador host, Erro: [WinError 10053] Uma conexão estabelecida foi anulada pelo software no computador host, Erro: [WinError 10053] Uma conexão estabelecida foi anulada pelo software no computador host
2025-01-23 20:51:21.431094: Erro: [WinError 10053] Uma conexão estabelecida foi anulada pelo software no computador host, Erro: [WinError 10053] Uma conexão estabelecida foi anulada pelo software no computador host, Erro: [WinError 10053] Uma conexão estabelecida foi anulada pelo software no computador host, Erro: [WinError 10053] Uma conexão estabelecida foi anulada pelo software no computador host, Erro: [WinError 10053] Uma conexão estabelecida foi anulada pelo software no computador host, Erro: [WinError 10053] Uma conexão estabelecida foi anulada pelo software no computador host, Erro: [WinError 10053] Uma conexão estabelecida foi anulada pelo software no computador host, Erro: [WinError 10053] Uma conexão estabelecida foi anulada pelo software no computador host, Erro: [WinError 10053] Uma conexão estabelecida foi anulada pelo software no computador host, Erro: [WinError 10053] Uma conexão estabelecida foi anulada pelo software no computador host
2025-01-23 20:51:31.434693: Erro: [WinError 10053] Uma conexão estabelecida foi anulada pelo software no computador host, Erro: [WinError 10053] Uma conexão estabelecida foi anulada pelo software no computador host, Erro: [WinError 10053] Uma conexão estabelecida foi anulada pelo software no computador host, Erro: [WinError 10053] Uma conexão estabelecida foi anulada pelo software no computador host, Erro: [WinError 10053] Uma conexão estabelecida foi anulada pelo software no computador host, Erro: [WinError 10053] Uma conexão estabelecida foi anulada pelo software no computador host, Erro: [WinError 10053] Uma conexão estabelecida foi anulada pelo software no computador host, Erro: [WinError 10053] Uma conexão estabelecida foi anulada pelo software no computador host, Erro: [WinError 10053] Uma conexão estabelecida foi anulada pelo software no computador host, Erro: [WinError 10053] Uma conexão estabelecida foi anulada pelo software no computador host
Leitura contínua de valores OPC UA
Data de início: 2025-01-23 20:53:13.878828

2025-01-23 20:53:13.878828: 0.0, 0.0, 0.0, 0.0, 0.0, 0.0, 0.0, 0.0, 0.0, 0.0
2025-01-23 20:53:23.901628: 0.0, 0.0, 0.0, 0.0, 0.0, 0.0, 0.0, 0.0, 0.0, 0.0
2025-01-23 20:53:33.923743: 0.0, 0.0, 0.0, 0.0, 0.0, 0.0, 0.0, 0.0, 0.0, 0.0
2025-01-23 20:53:43.935181: 0.0, 0.0, 0.0, 0.0, 0.0, 0.0, 0.0, 0.0, 0.0, 0.0
2025-01-23 20:53:53.947670: 0.0, 0.0, 0.0, 0.0, 0.0, 0.0, 0.0, 0.0, 0.0, 0.0
2025-01-23 20:54:03.958543: 0.0, 0.0, 0.0, 0.0, 0.0, 0.0, 0.0, 0.0, 0.0, 0.0
2025-01-23 20:54:13.969666: 0.0, 0.0, 0.0, 0.0, 0.0, 0.0, 0.0, 0.0, 0.0, 0.0
2025-01-23 20:54:23.982233: 1.423901636845456, 0.5321363125593366, 0.0, 0.0, 0.0686153060029399, 0.0, 0.0, 1.0, 1.0, 1.0
2025-01-23 20:54:33.996519: 3, 3, 1.8255972246603678, 0.0, 0.0010605900388897427, 0.1399925427957951, 1.1739990679698438, 1.0, 1.0, 1.0
2025-01-23 20:54:44.007815: 3, 3, 0.29850080683335817, 0.0, 4.087271204392157e-06, 1.306963584653265, 0.9786059110788009, 1.0, 1.0, 1.0
2025-01-23 20:54:54.019848: 3, 2.313309335654563, 1.3994336919911134, 0.0, 1.3353182209547008e-05, 1.7022200972010775, 0.9930943305595047, 1.0, 1.0, 1.0
2025-01-23 20:55:04.033131: 3, 0.27997124697447906, 0.7094838576415199, 0.0, 1.3559774264523201, 0.7807801371727903, 1.0267978167288283, 1.0, 1.0, 1.0
2025-01-23 20:55:14.046746: 3, 2.8802752517472916, 1.1527630167055973, 0.0, 1.2654869345496111, 0.9530693313501334, 0.9635351768453875, 1.0, 1.0, 1.0
2025-01-23 20:55:24.064604: 3, 1.6352166226947145, 0.9448730583705559, 0.0, 1.037096949830134, 1.0870778510238208, 1.0229750924082501, 1.0, 1.0, 1.0
2025-01-23 20:55:34.086246: 3, 3, 2.520744933004236, 0.0, 0.9473812794001066, 0.28577909348220304, 1.6286972425944297, 1.0, 1.0, 1.0
2025-01-23 20:55:44.096841: 3, 3, 0.0, 0.0, 0.23852724691084534, 1.4061095353122117, 1.3448799098466886, 1.0, 1.0, 1.0
2025-01-23 20:55:54.109204: 3, 0.0, 0.0, 0.0, 0.626827701502565, 1.8071448409294313, 0.714568856689482, 1.0, 1.0, 1.0
2025-01-23 20:56:04.120867: 3, 0.0, 2.22777463928381, 0.0, 1.7767093294229235, 0.5099420637779, 0.8544757922832135, 1.0, 1.0, 1.0
2025-01-23 20:56:14.132096: 3, 3, 1.177380310819149, 0.0, 1.7452672319333637, 0.23231471944037696, 1.2823467571354774, 1.0, 1.0, 1.0
2025-01-23 20:56:24.146757: 3, 3, 0.4332583915098015, 0.0, 1.112338942938797, 1.4708262971612784, 0.8680010696767795, 1.0, 1.0, 1.0
2025-01-23 20:56:34.160446: 3, 0.06676555229764469, 1.3706306734260951, 0.0, 0.8645078621568527, 1.490092055188654, 1.0145357783750948, 1.0, 1.0, 1.0
2025-01-23 20:56:44.173403: 3, 2.5125188301896726, 0.7566929136804623, 0.0, 1.5057368875044983, 0.73235025819227, 1.0178124117153082, 1.0, 1.0, 1.0
2025-01-23 20:56:54.189006: 3, 1.8459890126084701, 1.1402788379811604, 0.0, 1.2046993163953088, 1.0874036884695109, 0.9760498111400883, 1.0, 1.0, 1.0
2025-01-23 20:57:04.202240: 3, 2.0957691815443558, 0.9302071131811251, 0.0, 1.2032211289319834, 0.9753949512800913, 1.0196893202771555, 1.0, 1.0, 1.0
2025-01-23 20:57:14.215811: 3, 1.8625701005666895, 1.0241619549232002, 0.0, 1.154443062974049, 1.0093517958832332, 0.9859204110206399, 1.0, 1.0, 1.0
2025-01-23 20:57:24.229290: 3, 2.137232776621919, 0.9987152987098931, 0.0, 1.1303943877882827, 0.9773730872695815, 1.0087052824310372, 1.0, 1.0, 1.0
2025-01-23 20:57:34.240334: 3, 1.9035919408063913, 0.9929556084970198, 0.0, 1.0677635884980419, 1.0236278743734681, 0.995945347790189, 1.0, 1.0, 1.0
2025-01-23 20:57:44.257880: 3, 2.061547129470601, 1.0068245437689998, 0.0, 1.0812885593568444, 0.9794301765136648, 1.0015890709922466, 1.0, 1.0, 1.0
Leitura contínua de valores OPC UA
Data de início: 2025-01-23 20:58:52.187981

2025-01-23 20:58:52.187981: 0.0, 0.0, 0.0, 0.0, 0.0, 0.0, 0.0, 0.0, 0.0, 0.0
2025-01-23 20:59:02.213194: 0.0, 0.0, 0.0, 0.0, 0.0, 0.0, 0.0, 0.0, 0.0, 0.0
2025-01-23 20:59:12.226696: 2.172638476039207, 0.0, 1.8892195327438035, 0.0, 0.020626732761162548, 0.0, 0.0, 1.0, 0.5, 1.0
2025-01-23 20:59:22.238983: 2.6208566934250395, 3, 3, 0.0, 0.9755381458384664, 1.2326366771139339e-05, 0.27395484677769955, 1.0, 0.5, 1.0
2025-01-23 20:59:32.252590: 3, 3, 3, 0.0, 0.24241940965448436, 1.2210822242601903e-05, 1.625622477125612, 1.0, 0.5, 1.0
2025-01-23 20:59:42.263600: 3, 3, 0.0, 0.0, 2.6307265371409654e-06, 0.8086324779112676, 1.8540343148002811, 1.0, 0.5, 1.0
2025-01-23 20:59:52.275957: 3, 0.0, 0.0, 0.0, 0.06278014162260015, 1.733115559043624, 1.305256957686435, 1.0, 0.5, 1.0
2025-01-23 21:00:02.286588: 3, 0.0, 0.0, 0.0, 1.5803662493619537, 1.1408300755768424, 0.5978392761198513, 1.0, 0.5, 1.0
2025-01-23 21:00:12.299318: 3, 0.0, 2.416749142052253, 0.0, 2.0, 0.04374185415154848, 0.4007049127082055, 1.0, 0.5, 1.0
2025-01-23 21:00:22.311884: 3, 0.0, 3, 0.0, 2.0, 0.0, 0.0, 1.0, 0.5, 1.0
2025-01-23 21:00:32.323028: 0.0, 1.31980808757109, 3, 0.0, 1.7972454492361083, 0.0, 0.014846973266298944, 1.0, 0.5, 1.0
2025-01-23 21:00:42.336576: 0.0, 3, 3, 0.0, 0.08117686390826107, 1.7439330809270942e-06, 1.1630494810592924, 1.0, 0.5, 1.0
2025-01-23 21:00:52.348119: 3, 3, 3, 0.0, 2.1646060695864403e-05, 2.676387869196547e-05, 1.3732861676425392, 1.0, 0.5, 1.0
2025-01-23 21:01:02.367382: 3, 3, 3, 0.0, 1.376637009714083e-06, 8.654498672278452e-07, 2.0, 1.0, 0.5, 1.0
2025-01-23 21:01:12.381744: 3, 3, 3, 0.0, 1.7240578686378522e-06, 1.0800560417054143e-06, 2.0, 1.0, 0.5, 1.0
2025-01-23 21:01:22.400970: 3, 3, 0.0, 0.0, 5.061965297714521e-06, 1.157109096731601, 1.7043116252209012, 1.0, 0.5, 1.0
2025-01-23 21:01:32.412706: 3, 3, 0.0, 0.0, 4.5293539079481526e-07, 1.9701078234820646, 1.0929205174421148, 1.0, 0.5, 1.0
2025-01-23 21:01:42.425525: 3, 0.0, 0.0, 0.0, 1.1416822656839878, 1.7071156677798887, 0.40258013806876, 1.0, 0.5, 1.0
2025-01-23 21:01:52.437878: 3, 0.0, 2.9719602117903583, 0.0, 1.9760140540324844, 0.26394037967839296, 0.8353163567605383, 1.0, 0.5, 1.0
2025-01-23 21:02:02.448508: 3, 0.0, 3, 0.0, 2.0, 0.0, 0.27932147631014564, 1.0, 0.5, 1.0
2025-01-23 21:02:12.460510: 3, 0.0, 3, 0.0, 2.0, 0.0, 0.0, 1.0, 0.5, 1.0
2025-01-23 21:02:22.471815: 3, 2.8001645098088384, 3, 0.0, 1.996594578568076, 3.773204976623444e-06, 0.2219161590632652, 1.0, 0.5, 1.0
2025-01-23 21:02:32.483641: 3, 3, 3, 0.0, 1.5299486981446342, 4.802630933374359e-07, 1.4660682262802773, 1.0, 0.5, 1.0
2025-01-23 21:02:42.499935: 3, 3, 3, 0.0, 0.9364448249619197, 1.2827632686411756e-05, 2.0, 1.0, 0.5, 1.0
2025-01-23 21:02:52.520178: 3, 3, 3, 0.0, 0.3057747352788514, 2.2550772211949088e-05, 2.0, 1.0, 0.5, 1.0
2025-01-23 21:03:02.532471: 3, 3, 0.0, 0.0, 6.2941780834897486e-06, 1.049641065854781, 1.762338271708755, 1.0, 0.5, 1.0
2025-01-23 21:03:12.545427: 3, 3, 0.0, 0.0, 7.816361208350981e-06, 1.8180603282881362, 1.2548163872119509, 1.0, 0.5, 1.0
2025-01-23 21:03:22.558684: 3, 0.0, 0.0, 0.0, 1.0987452881638171, 1.7269922990404059, 0.6158316795167503, 1.0, 0.5, 1.0
2025-01-23 21:03:32.569317: 3, 0.0, 1.9334816253011695, 0.0, 1.9009186443696495, 1.1180502179222096, 0.15038471682487112, 1.0, 0.5, 1.0
2025-01-23 21:03:42.588319: 3, 0.0, 3, 0.0, 2.0, 0.0, 0.4236285488312998, 1.0, 0.5, 1.0
2025-01-23 21:03:52.601401: 3, 0.0, 3, 0.0, 2.0, 0.0, 0.002332618006101076, 1.0, 0.5, 1.0
2025-01-23 21:04:02.618848: 0.0, 0.0, 3, 0.0, 1.9199469690575275, 0.0, 0.0, 1.0, 0.5, 1.0
2025-01-23 21:04:12.632596: 0.0, 3, 3, 0.0, 1.3526591369915657, 5.9796691282027716e-05, 0.33401251693087863, 1.0, 0.5, 1.0
2025-01-23 21:04:22.643595: 1.959097926620001, 3, 3, 0.0, 0.0, 0.0, 0.8077815050834027, 1.0, 0.5, 1.0
2025-01-23 21:04:32.656046: 3, 3, 3, 0.0, 1.6988660511589414e-05, 1.1352563278583487e-05, 1.6112444965393617, 1.0, 0.5, 1.0
2025-01-23 21:04:42.667450: 3, 3, 3, 0.0, 2.6581558018964954e-05, 1.3693576058859806e-05, 2.0, 1.0, 0.5, 1.0
2025-01-23 21:04:52.679492: 3, 3, 3, 0.0, 1.7756909181549345e-06, 3.0567885505865086e-05, 2.0, 1.0, 0.5, 1.0
2025-01-23 21:05:02.694864: 3, 3, 0.4305396978157887, 0.0, 4.405190055391583e-06, 0.06074359267054039, 2.0, 1.0, 0.5, 1.0
2025-01-23 21:05:12.706963: 3, 3, 0.0, 0.0, 7.215845213482179e-06, 1.3761447379724314, 1.5882134367237764, 1.0, 0.5, 1.0
2025-01-23 21:05:22.723995: 3, 3, 0.0, 0.0, 4.4805631803533e-07, 1.9933167045746267, 1.0727205755869254, 1.0, 0.5, 1.0
